46 46 1 54 
1  1  2  3  9  8  8  2  3  4  3  2  2  3  4  3  2  2  3  4  3  2  2  3  4  3  2  6  7  8  3  2  2  3  4  3  2  2  3  4  3  2  2  3  4  4  
1  1  2  7  14 13 12 6  7  8  13 12 7  3  4  3  2  2  3  4  3  2  8  9  10 3  2  12 13 14 3  2  2  3  8  8  8  7  7  8  7  7  6  3  4  4  
2  2  2  7  14 13 12 6  7  8  18 18 13 3  4  3  2  2  3  4  3  2  14 15 16 3  2  18 19 20 3  2  2  3  8  8  8  7  7  8  7  7  6  3  4  4  
3  9  8  14 8  7  7  10 11 12 18 18 13 3  4  3  2  2  3  4  3  2  14 15 16 3  2  19 20 25 6  6  2  3  8  13 12 12 7  8  7  7  6  3  4  4  
3  9  8  9  4  3  2  6  7  8  8  8  7  3  4  3  2  2  3  4  3  2  12 13 14 3  2  14 15 19 6  6  2  3  4  13 12 12 3  9  14 13 7  3  4  4  
4  9  8  9  4  3  2  6  11 12 7  2  2  3  4  4  3  2  3  4  3  2  10 11 12 3  3  8  14 17 11 6  2  3  4  13 12 18 9  16 14 13 7  3  4  4  
5  3  2  3  4  3  2  7  13 14 7  2  2  3  4  4  3  2  3  4  3  7  20 25 22 7  3  3  8  8  7  2  2  3  9  14 13 14 9  16 14 13 7  3  4  4  
5  3  2  3  4  3  2  7  13 14 7  2  2  3  4  4  3  2  3  4  3  12 24 35 26 12 3  3  13 12 12 2  2  3  9  8  8  8  9  10 3  2  2  3  4  4  
7  5  7  7  8  3  2  7  8  9  3  2  2  3  4  3  2  2  3  4  8  17 31 41 37 22 7  6  11 12 7  2  2  3  9  8  8  2  3  4  3  2  2  3  4  4  
5  4  7  7  8  4  3  3  3  4  3  2  2  3  4  3  2  2  3  8  16 25 29 35 36 32 17 11 16 17 12 2  2  3  4  3  2  2  3  4  3  2  2  3  4  4  
4  3  7  7  8  4  3  3  3  4  3  2  2  3  4  3  2  2  7  18 31 31 26 27 37 42 32 22 17 12 9  4  4  3  4  3  2  2  4  5  4  2  2  3  4  4  
1  1  2  3  3  4  4  3  3  4  3  2  2  3  4  3  2  2  11 26 35 31 20 25 30 40 35 29 24 19 17 8  4  3  4  3  2  2  8  9  8  2  2  3  4  4  
6  9  13 13 14 14 14 13 13 13 12 13 12 13 14 14 15 17 29 40 45 34 26 28 32 36 35 33 28 23 20 15 11 9  9  7  5  4  10 10 8  2  2  4  5  5  
7  12 15 15 14 14 14 13 13 13 12 13 12 13 14 14 20 28 39 45 40 35 31 37 35 34 34 38 38 33 23 13 9  9  9  7  5  4  9  9  7  6  5  7  5  5  
8  12 15 15 14 14 14 13 13 13 12 13 12 13 14 20 31 43 51 52 46 44 41 44 42 41 41 37 37 31 25 15 9  9  9  7  5  4  4  10 8  11 5  7  5  5  
4  5  4  6  5  4  2  2  3  4  3  2  2  3  8  18 33 42 46 46 41 41 41 41 41 41 46 42 42 38 32 17 7  3  9  8  7  2  3  9  8  11 5  6  4  4  
5  3  2  4  5  4  2  2  3  4  3  2  2  7  17 32 42 46 41 41 41 40 41 37 42 43 47 42 42 38 33 22 12 8  9  8  7  2  3  9  8  8  2  3  4  4  
5  3  2  4  6  5  4  3  4  4  3  2  7  17 32 42 48 48 43 41 41 40 42 40 45 44 47 47 43 34 29 28 28 18 14 8  7  2  3  4  3  2  3  4  5  4  
6  4  2  3  5  4  4  3  4  4  3  7  17 32 37 42 43 48 39 38 38 42 44 46 46 44 43 47 43 29 24 29 38 33 18 8  3  3  4  4  3  2  3  4  5  4  
4  8  7  8  5  4  6  4  5  4  8  18 33 44 44 43 44 49 44 40 39 44 48 51 46 44 43 43 39 30 32 34 42 37 26 12 5  3  4  4  4  3  4  4  5  4  
3  8  7  8  4  3  3  3  4  8  18 34 45 50 44 42 42 47 42 40 39 43 46 46 42 43 43 39 37 28 35 34 42 41 34 22 13 7  5  4  4  3  3  4  5  5  
8  16 18 15 10 12 13 13 13 17 28 39 45 45 45 43 45 47 50 50 47 44 44 44 44 44 44 34 31 26 32 31 34 32 29 23 17 11 7  5  4  3  3  4  5  5  
9  10 13 9  10 12 12 17 21 32 37 44 44 39 39 38 45 47 52 54 54 48 44 43 44 47 46 38 32 25 32 35 40 37 34 31 27 20 12 6  3  2  2  4  5  5  
9  11 18 18 24 25 26 31 31 37 39 44 44 38 39 38 44 47 50 54 53 49 44 44 43 46 40 33 28 28 35 38 40 33 32 31 32 28 18 10 3  3  4  4  4  4  
3  2  7  12 17 16 17 26 32 43 44 49 49 38 38 37 48 48 51 46 47 44 46 41 41 44 44 33 25 26 38 45 48 42 38 37 39 39 25 14 3  3  4  4  4  4  
4  3  7  12 17 16 17 21 27 38 40 44 44 42 42 42 44 44 46 44 44 44 49 44 41 42 42 33 24 22 32 41 48 38 35 35 43 40 26 12 3  3  4  4  4  4  
5  3  2  3  4  4  4  8  17 33 38 45 45 45 43 43 46 41 41 34 39 40 49 45 43 44 49 44 29 24 24 38 43 43 39 39 39 32 18 9  4  3  3  3  4  4  
5  3  2  3  4  4  4  3  7  18 29 40 45 49 48 48 40 33 30 34 41 40 44 45 48 44 43 43 34 24 18 27 37 38 43 38 32 17 8  4  4  3  3  3  4  4  
6  4  2  3  4  4  4  3  3  8  18 34 44 50 48 43 38 31 34 34 41 38 39 40 45 44 43 43 38 32 22 22 28 38 43 32 17 7  3  4  4  4  4  4  4  4  
7  9  14 15 14 11 11 11 12 13 18 28 38 43 43 39 36 36 43 49 49 43 37 36 40 38 37 37 37 31 25 20 26 30 35 21 10 3  3  4  3  3  3  5  5  5  
5  9  14 15 14 11 11 11 12 13 12 18 27 38 43 39 41 40 47 49 51 48 42 41 40 43 42 37 37 36 32 21 22 25 25 12 5  3  4  6  5  4  3  5  5  5  
5  9  15 15 14 11 11 11 12 13 12 13 17 28 38 44 46 45 47 49 51 48 46 44 43 43 42 37 37 36 32 21 17 15 15 7  5  3  4  6  5  3  2  4  5  5  
3  3  3  3  5  4  3  2  3  4  3  2  7  17 33 43 47 43 42 43 46 47 46 47 46 47 47 43 40 41 36 24 14 8  9  3  2  2  4  11 11 9  2  3  4  4  
4  3  3  7  14 14 13 6  7  4  3  2  2  7  18 31 40 43 43 41 40 41 42 43 42 43 43 43 39 36 28 18 8  3  4  3  2  2  3  9  8  8  2  3  4  4  
3  2  2  7  14 14 13 6  7  4  3  2  2  3  8  17 30 38 44 38 31 29 34 35 36 33 33 29 30 27 23 12 7  3  4  3  2  2  3  9  8  8  2  3  4  4  
4  3  2  7  13 13 12 6  7  4  4  4  3  3  4  7  16 29 41 34 28 23 32 32 35 33 29 25 23 20 10 2  2  3  4  3  2  2  3  4  3  2  2  3  4  4  
5  3  2  3  9  8  7  2  3  4  4  4  3  3  4  3  7  17 33 33 33 27 31 25 30 30 32 23 19 14 8  2  2  3  4  3  2  2  3  4  3  2  2  3  4  4  
5  3  2  3  9  8  8  3  4  4  4  4  3  3  4  3  2  7  17 27 37 39 39 33 36 40 37 27 13 9  3  2  2  3  4  3  2  2  3  4  3  2  2  3  4  4  
6  4  2  3  9  8  8  3  4  4  3  2  2  3  4  3  2  2  7  17 32 41 39 33 35 36 31 16 8  4  3  2  2  3  4  3  2  2  3  4  3  2  2  3  4  4  
4  3  2  7  8  7  3  3  4  4  3  3  3  4  4  3  2  2  3  8  18 33 39 44 39 32 17 7  3  4  3  2  2  3  9  8  8  2  3  9  8  8  2  3  4  4  
3  2  2  12 13 12 2  2  3  9  14 16 9  5  4  3  2  2  3  4  8  22 33 39 30 17 7  2  3  4  3  2  2  3  9  8  8  2  3  9  8  8  2  3  4  4  
1  1  2  12 17 22 12 7  3  9  14 16 9  5  4  3  2  2  3  4  3  12 26 32 23 8  2  2  3  4  3  2  2  9  16 15 8  2  3  9  8  8  2  3  4  4  
2  2  2  7  13 18 12 7  3  9  14 14 8  5  5  4  2  2  3  4  3  7  21 22 19 3  2  2  3  4  3  2  8  15 16 10 2  6  7  8  3  2  5  6  7  4  
3  2  2  3  8  14 13 8  7  8  7  2  2  4  5  4  2  2  3  4  3  2  17 18 19 3  2  2  3  4  3  2  8  15 16 10 2  6  7  8  3  2  5  6  7  4  
3  2  2  3  4  4  3  3  7  8  7  2  2  4  5  4  2  2  3  4  3  2  12 13 14 3  2  2  3  4  3  2  8  9  10 3  2  6  7  8  3  2  5  6  7  4  
4  2  2  3  4  4  3  3  7  8  7  2  2  3  4  3  2  2  3  4  3  2  7  8  9  3  2  2  3  4  3  2  2  3  4  3  2  2  3  4  3  2  2  3  4  4  
