46 46 3 133 
3   4   5   7   26  24  40  5   7   9   7   7   5   7   9   7   7   5   7   9   7   7   5   7   9   7   7   18  20  36  7   7   5   7   9   7   7   5   7   9   7   7   5   7   9   11  
4   4   5   20  39  39  25  18  34  23  37  50  38  7   9   7   7   5   7   9   7   7   23  25  46  7   7   35  28  47  7   7   5   7   23  24  37  25  20  36  20  20  31  7   9   11  
6   5   5   20  31  17  25  9   11  23  45  33  43  7   9   7   7   5   7   9   7   7   41  31  52  7   7   55  37  59  7   7   5   7   23  15  12  19  11  14  20  11  9   7   9   11  
7   26  25  60  14  11  20  22  25  49  45  22  16  7   9   7   7   5   7   9   7   7   42  20  23  7   7   58  36  65  17  27  5   7   23  28  25  46  11  14  20  11  9   7   9   11  
9   27  11  14  9   7   7   18  11  14  24  12  10  7   9   7   7   5   7   9   7   7   36  26  41  7   7   41  19  32  10  10  5   7   9   37  28  42  7   26  40  57  38  7   9   11  
10  28  11  14  9   7   7   18  25  27  34  7   5   7   9   9   9   9   7   9   7   7   30  23  37  7   10  25  33  38  37  10  5   7   9   37  17  34  26  65  29  18  10  7   9   11  
11  9   5   7   9   7   7   21  37  47  11  7   5   7   9   9   7   5   7   9   7   20  59  72  64  34  10  6   21  14  11  6   5   7   26  40  45  29  13  33  29  18  10  7   9   11  
13  10  5   7   9   7   7   21  26  19  11  7   5   7   9   9   7   5   7   9   7   35  64  91  61  41  10  6   35  27  38  6   5   7   26  12  12  24  13  16  7   7   5   7   9   11  
18  14  25  20  36  7   7   21  13  15  7   7   5   7   9   7   7   5   7   9   23  52  89  85  87  60  35  18  34  40  11  6   5   7   26  12  12  5   7   9   7   7   5   7   9   11  
9   6   19  11  14  10  10  11  7   9   7   7   5   7   9   7   7   5   7   24  48  80  76  89  70  76  56  49  38  32  38  7   5   7   9   7   7   5   7   9   7   7   5   7   9   11  
8   6   19  11  14  10  7   6   7   9   7   7   5   7   9   7   7   5   22  53  97  79  67  61  85  100 81  70  55  18  17  13  17  7   9   7   7   5   10  13  14  7   5   7   9   11  
4   4   5   7   9   11  9   8   7   9   7   7   5   7   9   7   7   5   33  68  86  69  37  66  80  93  65  68  73  60  52  29  7   7   9   7   7   5   24  24  35  7   5   7   9   11  
19  29  51  47  50  51  53  51  50  46  44  47  48  50  51  52  57  65  102 122 116 90  79  87  80  89  87  74  69  60  52  42  38  33  32  24  19  14  30  22  12  7   5   10  13  18  
20  27  29  36  27  27  27  23  23  24  24  24  22  24  27  27  45  64  110 117 92  85  74  102 88  95  89  102 102 84  58  22  16  17  18  12  10  9   22  15  11  17  15  30  11  12  
22  28  24  26  27  26  27  22  23  24  24  24  22  24  27  43  76  115 123 124 107 112 109 111 105 107 106 93  92  61  69  48  16  17  18  12  10  9   9   27  24  50  8   14  11  12  
10  14  7   12  13  14  7   5   7   9   7   7   5   7   24  53  102 109 113 109 96  105 104 97  94  86  115 102 111 98  81  56  36  7   25  22  37  5   7   26  12  22  8   10  9   11  
11  9   5   10  11  8   7   5   7   9   7   7   5   22  50  100 106 113 98  99  86  97  99  72  111 112 116 102 112 97  72  37  27  38  25  12  12  5   7   26  12  12  5   7   9   11  
13  10  5   10  14  11  17  8   14  9   7   7   20  51  100 111 119 118 108 108 109 99  113 105 125 121 116 117 103 75  57  64  77  58  55  12  12  5   7   9   7   7   8   10  16  11  
14  11  5   7   13  8   11  6   8   9   7   22  50  102 95  102 90  118 89  96  82  102 116 118 106 104 89  117 103 70  75  76  97  83  59  36  10  8   14  9   7   7   8   8   11  11  
6   22  21  40  13  8   14  9   15  9   23  53  105 115 109 112 116 118 103 105 102 100 115 123 106 114 112 103 90  59  97  95  94  79  60  32  19  6   8   9   10  10  15  8   11  11  
5   21  10  13  9   7   10  6   8   24  53  105 118 125 104 109 109 111 102 105 106 111 113 110 101 110 114 91  94  52  85  75  109 104 83  59  48  29  19  9   10  8   6   10  13  18  
24  48  63  39  37  40  46  49  44  60  80  96  103 101 101 100 107 114 126 127 125 117 109 105 104 108 99  72  80  66  77  73  79  70  62  48  39  29  21  16  10  8   6   10  11  12  
26  19  20  18  21  24  22  36  51  98  104 113 110 96  96  80  114 119 126 130 133 120 112 105 107 123 116 97  90  62  82  97  103 95  90  80  71  58  34  21  7   7   5   10  11  12  
27  20  35  45  78  77  80  92  87  91  86  113 117 95  106 104 111 113 121 127 121 114 107 114 106 114 93  74  53  63  96  92  103 85  83  70  88  79  50  35  8   9   13  13  13  11  
9   7   20  24  33  29  31  58  67  112 116 118 118 89  99  83  119 120 133 111 117 86  112 103 99  91  106 79  70  58  82  114 117 100 98  99  85  100 65  44  9   9   8   8   10  11  
10  8   20  24  33  29  31  43  52  82  103 105 92  102 110 106 109 107 101 103 112 117 121 112 109 111 101 84  75  70  70  88  117 89  88  80  110 97  56  17  9   9   8   8   10  11  
11  9   5   7   9   11  11  28  41  67  74  117 117 113 114 116 112 101 102 58  93  90  119 106 114 119 120 110 70  73  58  95  90  103 102 109 98  72  22  14  10  10  11  7   9   11  
13  10  5   7   9   11  8   6   22  43  55  88  114 119 117 117 94  79  68  81  105 103 104 91  118 105 102 87  75  64  43  60  91  73  112 96  71  20  12  9   10  8   6   7   9   11  
14  11  5   7   9   11  8   6   7   24  43  72  87  121 118 103 89  61  98  94  110 98  102 104 98  105 113 113 88  91  72  63  65  83  103 71  21  10  7   9   10  11  9   14  9   11  
12  25  48  57  57  37  39  41  43  46  60  82  93  99  100 87  89  99  116 131 130 108 96  96  98  83  91  89  79  71  63  47  75  76  73  39  24  11  10  9   7   10  6   11  13  18  
12  20  28  24  25  21  21  20  22  24  24  40  57  79  111 97  110 105 113 104 120 116 103 107 106 109 108 94  93  78  79  57  56  54  59  17  10  6   11  16  17  17  6   11  11  12  
14  23  35  24  25  21  21  20  22  24  24  24  37  59  81  112 115 110 120 121 120 116 113 111 110 109 108 94  102 101 79  57  41  25  24  12  10  6   11  14  9   8   5   10  11  12  
9   6   6   7   13  10  13  5   7   9   7   7   20  41  67  88  115 103 105 108 111 114 110 115 111 115 112 102 103 106 77  63  53  12  14  7   7   5   10  31  26  41  5   7   9   11  
10  7   6   20  42  50  54  18  34  9   7   7   5   22  43  64  80  101 104 98  92  91  98  100 101 100 99  103 88  83  55  22  11  7   9   7   7   5   7   26  12  12  5   7   9   11  
9   7   5   20  34  18  27  9   11  9   7   7   5   7   24  38  63  78  111 94  81  55  68  78  87  65  78  51  56  55  61  16  10  7   9   7   7   5   7   26  12  12  5   7   9   11  
10  8   5   20  30  17  25  9   11  9   11  11  13  7   9   18  40  61  84  80  75  60  93  75  93  87  77  73  55  50  14  6   5   7   9   7   7   5   7   9   7   7   5   7   9   11  
11  9   5   7   25  22  37  5   7   9   11  8   6   7   9   7   22  40  69  57  90  81  85  57  66  61  80  67  59  20  12  7   5   7   9   7   7   5   7   9   7   7   5   7   9   11  
13  10  5   7   25  12  15  8   14  9   11  8   6   7   9   7   7   20  41  51  82  103 97  90  105 108 87  66  18  14  7   7   5   7   9   7   7   5   7   9   7   7   5   7   9   11  
14  11  5   7   25  12  15  6   8   9   7   7   5   7   9   7   7   5   22  40  67  84  92  86  87  93  69  19  12  9   7   7   5   7   9   7   7   5   7   9   7   7   5   7   9   11  
6   5   5   20  23  34  10  6   8   9   7   10  8   14  9   7   7   5   7   24  43  68  76  114 99  71  21  10  7   9   7   7   5   7   26  24  40  5   7   26  24  40  5   7   9   11  
5   5   5   35  29  41  7   5   7   26  40  63  42  15  9   7   7   5   7   9   23  56  68  95  70  21  11  5   7   9   7   7   5   7   26  12  12  5   7   26  12  12  5   7   9   11  
4   4   5   35  32  46  50  38  7   26  29  24  12  9   9   7   7   5   7   9   7   35  59  56  54  12  7   5   7   9   7   7   5   27  46  52  12  5   7   26  12  12  5   7   9   11  
6   5   5   22  28  33  17  10  7   26  29  21  11  11  13  14  7   5   7   9   7   20  54  36  49  7   7   5   7   9   7   7   23  46  54  14  7   18  20  36  7   7   15  17  29  11  
7   6   5   7   23  31  20  17  20  23  34  7   5   10  11  8   7   5   7   9   7   7   50  32  49  7   7   5   7   9   7   7   23  33  22  14  7   18  11  14  7   7   15  10  13  11  
9   7   5   7   9   10  8   6   20  14  11  7   5   10  11  8   7   5   7   9   7   7   35  17  19  7   7   5   7   9   7   7   23  14  16  7   7   18  11  14  7   7   15  10  13  11  
9   7   5   7   9   10  8   6   20  14  11  7   5   7   9   7   7   5   7   9   7   7   20  12  14  7   7   5   7   9   7   7   5   7   9   7   7   5   7   9   7   7   5   7   9   11  
