4646058
0  1  1  2  3  1  1  1  2  3  1  1  1  2  3  1  1  1  2  3  1  1  1  2  3  1  1  1  2  4  1  1  1  2  3  1  1  1  2  3  1  1  1  2  3  
1  2  2  3  4  4  2  2  3  4  4  2  2  3  4  4  2  2  3  4  4  2  2  3  4  4  2  2  4  5  4  2  2  3  4  4  2  2  3  4  4  2  2  3  4  
1  2  2  3  4  4  2  2  3  4  5  5  3  3  4  4  2  2  3  4  4  2  2  4  5  4  2  2  4  5  4  2  2  3  4  4  2  2  3  4  4  2  2  3  4  
1  2  2  3  4  4  2  2  4  4  5  5  3  3  4  4  2  2  3  4  4  2  2  4  5  4  2  2  4  5  4  2  2  3  4  5  5  3  3  4  4  2  2  3  4  
1  2  2  3  4  4  2  2  3  4  4  2  2  3  4  4  2  2  3  4  4  2  2  4  5  4  2  2  4  5  4  2  2  3  4  5  5  3  3  4  4  2  2  3  4  
1  2  2  3  4  4  2  2  3  5  4  2  2  3  4  4  2  2  3  4  4  2  2  4  5  4  2  2  4  5  4  2  2  3  4  5  5  3  3  4  4  2  2  3  4  
1  2  2  3  4  4  2  2  3  5  4  2  2  3  4  4  2  2  3  4  4  2  2  38 5  4  2  2  3  4  4  2  2  3  4  4  2  2  3  4  4  2  2  3  4  
1  2  2  3  4  4  2  2  3  5  4  2  2  3  4  4  2  2  3  4  4  5  38 42 38 5  2  2  3  4  4  2  2  3  4  4  2  2  3  4  4  2  2  3  4  
1  2  2  3  4  4  2  2  3  4  4  2  2  3  4  4  2  2  3  4  4  5  42 48 48 5  2  2  3  4  4  2  2  3  4  4  2  2  3  4  4  2  2  3  4  
1  2  2  3  4  4  2  2  3  4  4  2  2  3  4  4  2  2  3  4  5  33 38 41 48 48 2  2  3  5  5  2  2  3  4  4  2  2  3  4  4  2  2  3  4  
1  2  2  3  4  4  2  2  3  4  4  2  2  3  4  4  2  2  3  4  48 41 33 41 48 48 48 3  4  5  5  2  2  3  4  4  2  2  3  4  4  2  2  3  4  
1  2  2  3  4  4  4  3  3  4  4  2  2  3  4  4  2  2  3  38 44 41 8  34 41 48 48 38 37 5  5  2  2  3  4  4  2  2  3  5  5  2  2  3  4  
1  2  3  4  4  5  5  3  4  5  5  5  3  4  5  5  5  3  38 48 48 44 34 35 35 38 37 37 31 28 25 19 3  4  5  5  5  3  4  5  5  2  2  3  4  
1  4  3  4  5  5  5  3  4  5  5  5  3  4  5  5  5  40 48 48 48 44 38 41 35 35 34 38 38 35 28 5  3  4  5  5  5  3  4  5  4  2  2  3  4  
1  5  3  4  5  5  5  3  4  5  5  5  3  4  5  5  40 48 48 48 48 48 48 48 48 48 48 48 48 30 28 5  3  4  5  5  5  3  4  4  4  2  2  3  4  
1  2  2  3  4  4  2  2  3  4  4  2  2  3  4  5  48 48 48 48 48 48 48 48 48 48 48 48 48 48 48 2  2  3  4  4  2  2  3  4  4  2  2  3  4  
1  2  2  3  4  4  2  2  3  4  4  2  2  3  4  48 48 48 48 45 45 45 48 48 48 48 48 48 48 48 48 4  3  3  4  4  2  2  3  4  4  2  2  3  4  
1  2  2  3  4  4  2  2  3  4  4  2  2  3  48 48 48 48 48 45 45 45 48 48 48 48 48 48 48 48 48 48 48 4  4  4  2  2  3  4  4  2  2  3  4  
1  2  2  3  4  4  2  2  3  4  4  2  2  48 48 48 48 48 48 48 48 48 48 48 48 48 48 48 48 47 8  48 48 48 5  4  2  2  3  4  4  2  2  3  4  
1  2  2  3  4  4  5  3  4  4  4  5  48 48 48 48 48 48 48 48 48 48 48 48 48 48 48 48 48 47 48 48 48 48 28 5  2  2  3  4  4  2  2  3  4  
1  2  2  3  4  4  2  2  3  4  5  48 48 48 48 48 48 48 48 48 48 48 48 48 48 48 48 48 48 38 48 48 48 48 38 28 12 3  4  4  4  2  2  3  4  
1  2  3  4  5  5  5  3  4  5  32 48 48 48 48 48 48 48 48 48 48 48 48 45 48 48 48 39 31 28 28 28 28 28 28 20 18 13 4  4  4  2  2  3  4  
1  2  3  4  5  5  5  3  29 32 48 48 48 48 48 40 48 48 48 58 58 48 41 41 45 48 48 39 30 28 28 44 48 38 38 38 28 18 13 5  4  2  2  3  4  
1  3  3  22 24 27 29 38 31 43 48 48 48 48 48 41 48 48 48 58 58 48 45 45 45 48 40 31 28 28 30 44 48 38 38 38 38 28 16 5  4  2  3  4  4  
1  2  2  3  5  5  5  42 48 48 48 48 48 48 48 48 48 48 48 48 48 48 48 48 48 48 48 48 24 28 48 48 48 48 48 43 43 43 28 5  4  2  3  4  4  
1  2  2  3  5  5  5  3  43 48 48 48 48 48 48 48 48 48 48 48 48 48 48 48 48 48 48 48 8  8  48 48 48 48 48 48 48 48 38 4  4  2  3  4  4  
1  2  2  3  4  4  2  2  3  48 48 48 48 48 48 48 48 48 48 48 48 48 48 48 48 48 48 48 48 8  8  48 48 48 48 48 48 48 4  4  4  2  2  3  4  
1  2  2  3  4  4  2  2  3  4  48 48 48 48 48 48 48 48 37 38 48 48 48 48 48 48 48 48 48 8  8  38 48 48 48 48 48 3  3  4  4  2  2  3  4  
1  2  2  3  4  4  2  2  3  4  5  48 48 48 48 48 48 48 38 38 48 48 48 48 48 48 48 48 48 48 8  8  38 48 48 48 2  2  3  4  4  5  3  3  4  
1  2  3  4  5  5  5  3  4  5  5  34 48 48 48 48 48 48 48 48 48 48 48 41 48 48 48 48 48 30 28 24 28 32 48 18 5  3  3  4  4  2  2  3  4  
1  2  3  4  5  5  5  3  4  5  5  5  34 48 48 48 48 48 48 48 48 48 48 48 48 48 48 48 48 48 28 24 24 24 20 5  5  3  3  4  4  2  2  3  4  
1  2  3  4  5  5  5  3  4  5  5  5  3  35 48 48 48 48 48 48 48 48 48 48 48 48 48 48 48 48 28 24 8  4  5  5  5  3  3  4  4  2  2  3  4  
1  2  2  3  4  4  2  2  3  4  4  2  2  3  48 48 48 48 48 48 48 48 48 48 48 48 48 48 48 48 48 8  4  4  4  4  2  2  3  4  4  2  2  3  4  
1  2  2  3  4  4  2  2  3  4  4  2  2  3  4  48 48 44 43 43 43 48 42 48 43 48 44 48 44 48 28 4  3  3  4  4  2  2  3  4  4  2  2  3  4  
1  2  2  3  4  4  2  2  3  4  4  2  2  3  4  5  41 42 43 42 34 34 40 41 41 42 42 34 34 28 24 2  2  3  4  4  2  2  3  4  4  2  2  3  4  
1  2  2  3  4  4  2  2  3  4  4  2  2  3  4  4  5  41 48 41 34 28 34 34 41 41 34 34 24 8  4  2  2  3  4  4  2  2  3  4  4  2  2  3  4  
1  2  2  3  4  4  2  2  3  4  4  2  2  3  4  4  2  2  48 48 48 34 35 34 41 41 48 8  8  5  4  2  2  3  4  4  2  2  3  4  4  2  2  3  4  
1  2  2  3  4  4  2  2  3  4  4  2  2  3  4  4  2  2  3  38 48 48 48 38 48 48 48 38 4  4  4  2  2  3  4  4  2  2  3  4  4  2  2  3  4  
1  2  2  3  4  4  2  2  3  4  4  2  2  3  4  4  2  2  3  4  48 48 48 48 48 48 48 3  3  4  4  2  2  3  4  4  2  2  3  4  4  2  2  3  4  
1  2  2  3  4  4  2  2  3  4  4  2  2  3  4  4  2  2  3  4  5  48 48 48 48 48 2  2  3  4  4  2  2  3  4  4  2  2  3  4  4  2  2  3  4  
1  2  2  3  5  5  2  2  3  4  4  5  3  4  4  4  2  2  3  4  4  5  48 48 48 5  2  2  3  4  4  2  2  3  4  4  2  2  3  4  4  2  2  3  4  
1  2  2  3  5  5  2  2  3  4  4  5  3  4  4  4  2  2  3  4  4  5  42 48 5  4  2  2  3  4  4  2  2  3  4  4  2  2  3  4  4  2  2  3  4  
1  2  2  3  4  5  2  2  3  4  4  5  3  3  4  4  2  2  3  4  4  2  2  4  5  4  2  2  3  4  4  2  2  3  5  5  2  2  3  4  4  2  2  3  4  
1  2  2  3  4  5  5  3  3  4  4  2  2  3  4  4  2  2  3  4  4  2  2  4  5  4  2  2  3  4  4  2  2  3  5  5  2  2  3  4  4  2  2  3  4  
1  2  2  3  4  4  2  2  3  4  4  2  2  3  4  4  2  2  3  4  4  2  2  4  5  4  2  2  3  4  4  2  2  3  5  4  2  2  3  4  4  2  2  3  4  
